#travis_secrets.yaml
api_wunderground: 000000000
wunderground_link: 000000000
api_pushover: 000000000
user_pushover: 000000000
influxdb-user: 000000000
influxdb-pass: 000000000
latitude: 00.000000
longitude: 00.000000
lat_work: 00.000000
lon_work: 00.000000
waqi: 000000000
mikrotik-user: 000000000
mikrotik-pass: 000000000
apple_tv: 000000000
telegram_bot: 000000000
telegram-1: 000000000
telegram-2: 000000000
steam: 000000000
homekit: '000000000'
vacuum: 000000000
airpurifier: 000000000
google_maps: 000000000
icloud_u: 000000000
icloud_p: 000000000
icloud_a: 000000000
travisci_api_key: 000000000
ztm_api_key: 000000000
dark_sky_api: 000000000